       height weight spike  block       pos    country  age
count  404.0  404.0  404.0  404.0       404.0  404.0  404.0
mean   180.7   68.1  289.7  277.3         2.8   19.7   22.4
std      8.1    7.2   20.6   21.4         1.4    9.9    1.5
min    150.0   51.0  178.0  176.0         1.0    2.0   18.0
25%    175.0   63.0  280.0  270.0         2.0   10.0   21.0
50%    182.0   69.0  293.0  280.0         3.0   21.0   22.0
75%    186.0   73.0  303.0  290.0         3.0   29.0   24.0
max    208.0   87.0  339.0  324.0         6.0   35.0   25.0

pos  count   pct
1     66     16.3
2    133     32.9
3    105     25.9
4     55     13.6
6     45     11.1

                     height     weight       spike       block         age
pos
1                176.893939  65.924242  285.772727  274.378788   22.651515
2                180.406015  68.082707  290.481203  277.736842   22.406015
3                185.847619  71.104762  295.257143  282.523810   22.561905
4                185.054545  71.218182  296.200000  282.872727   22.327273
6                170.266667  61.111111  272.622222  261.688889   22.555556